start=4909.279375
pause=yes
fullscreen=yes
sid=1
sub-scale=0.800000
